4 4 4 3 0 0 13 0 2.34 1 Mul
4 4 4 3 0 0 13 0 2.34 1 Mul
4 4 4 4 0 0 13 0 2.34 1 Mul
4 4 4 4 0 0 13 0 2.34 1 Mul
4 4 4 5 0 0 13 0 2.34 1 Mul
4 4 4 5 0 0 13 0 2.34 1 Mul
4 4 4 6 0 0 13 0 2.34 1 Mul
4 4 4 6 0 0 13 0 2.34 1 Mul
4 4 4 7 0 0 13 0 2.34 1 Mul
4 4 4 7 0 0 13 0 2.34 1 Mul
6 6 6 3 0 0 26 0 3.78 1 Mul
6 6 6 3 0 0 26 0 3.78 1 Mul
6 6 6 4 0 0 26 0 3.78 1 Mul
6 6 6 4 0 0 26 0 3.78 1 Mul
6 6 6 5 0 0 26 0 3.78 1 Mul
6 6 6 5 0 0 26 0 3.78 1 Mul
6 6 6 6 0 0 26 0 3.78 1 Mul
6 6 6 6 0 0 26 0 3.78 1 Mul
6 6 6 7 0 0 26 0 3.78 1 Mul
6 6 6 7 0 0 26 0 3.78 1 Mul
6 6 6 8 0 0 26 0 3.78 1 Mul
6 6 6 8 0 0 26 0 3.78 1 Mul
8 8 8 3 0 0 41 0 4.17 1 Mul
8 8 8 3 0 0 41 0 4.17 1 Mul
8 8 8 4 0 0 41 0 4.17 1 Mul
8 8 8 4 0 0 41 0 4.17 1 Mul
8 8 8 5 0 0 41 0 4.17 1 Mul
8 8 8 5 0 0 41 0 4.17 1 Mul
8 8 8 6 0 0 41 0 4.17 1 Mul
8 8 8 6 0 0 41 0 4.17 1 Mul
8 8 8 7 0 0 41 0 4.17 1 Mul
8 8 8 7 0 0 41 0 4.17 1 Mul
8 8 8 8 0 0 41 0 4.17 1 Mul
8 8 8 8 0 0 41 0 4.17 1 Mul
8 8 8 9 0 0 41 0 4.17 1 Mul
8 8 8 9 0 0 41 0 4.17 1 Mul
10 10 10 3 1 0 0 3 2.15 1 DSP48
10 10 10 3 1 0 0 3 2.15 1 DSP48
10 10 10 4 1 0 0 2 3.89 1 DSP48
10 10 10 4 1 0 0 2 3.89 1 DSP48
10 10 10 5 1 0 0 2 3.89 1 DSP48
10 10 10 5 1 0 0 2 3.89 1 DSP48
10 10 10 6 1 0 0 2 3.89 1 DSP48
10 10 10 6 1 0 0 2 3.89 1 DSP48
10 10 10 7 1 0 0 0 6.38 1 DSP48
10 10 10 7 1 0 0 0 6.38 1 DSP48
10 10 10 8 1 0 0 0 6.38 1 DSP48
10 10 10 8 1 0 0 0 6.38 1 DSP48
10 10 10 9 1 0 0 0 6.38 1 DSP48
10 10 10 9 1 0 0 0 6.38 1 DSP48
10 10 10 10 1 0 0 0 6.38 1 DSP48
10 10 10 10 1 0 0 0 6.38 1 DSP48
10 10 10 12.5 1 0 0 0 6.38 1 DSP48
10 10 10 12.5 1 0 0 0 6.38 1 DSP48
12 12 12 3 1 0 0 3 2.15 1 DSP48
12 12 12 3 1 0 0 3 2.15 1 DSP48
12 12 12 4 1 0 0 2 3.89 1 DSP48
12 12 12 4 1 0 0 2 3.89 1 DSP48
12 12 12 5 1 0 0 2 3.89 1 DSP48
12 12 12 5 1 0 0 2 3.89 1 DSP48
12 12 12 6 1 0 0 2 3.89 1 DSP48
12 12 12 6 1 0 0 2 3.89 1 DSP48
12 12 12 7 1 0 0 0 6.38 1 DSP48
12 12 12 7 1 0 0 0 6.38 1 DSP48
12 12 12 8 1 0 0 0 6.38 1 DSP48
12 12 12 8 1 0 0 0 6.38 1 DSP48
12 12 12 9 1 0 0 0 6.38 1 DSP48
12 12 12 9 1 0 0 0 6.38 1 DSP48
12 12 12 10 1 0 0 0 6.38 1 DSP48
12 12 12 10 1 0 0 0 6.38 1 DSP48
12 12 12 12.5 1 0 0 0 6.38 1 DSP48
12 12 12 12.5 1 0 0 0 6.38 1 DSP48
14 14 14 3 1 0 0 3 2.15 1 DSP48
14 14 14 3 1 0 0 3 2.15 1 DSP48
14 14 14 4 1 0 0 2 3.89 1 DSP48
14 14 14 4 1 0 0 2 3.89 1 DSP48
14 14 14 5 1 0 0 2 3.89 1 DSP48
14 14 14 5 1 0 0 2 3.89 1 DSP48
14 14 14 6 1 0 0 2 3.89 1 DSP48
14 14 14 6 1 0 0 2 3.89 1 DSP48
14 14 14 7 1 0 0 0 6.38 1 DSP48
14 14 14 7 1 0 0 0 6.38 1 DSP48
14 14 14 8 1 0 0 0 6.38 1 DSP48
14 14 14 8 1 0 0 0 6.38 1 DSP48
14 14 14 9 1 0 0 0 6.38 1 DSP48
14 14 14 9 1 0 0 0 6.38 1 DSP48
14 14 14 10 1 0 0 0 6.38 1 DSP48
14 14 14 10 1 0 0 0 6.38 1 DSP48
14 14 14 12.5 1 0 0 0 6.38 1 DSP48
14 14 14 12.5 1 0 0 0 6.38 1 DSP48
16 16 16 3 1 0 0 3 2.15 1 DSP48
16 16 16 3 1 0 0 3 2.15 1 DSP48
16 16 16 4 1 0 0 2 3.89 1 DSP48
16 16 16 4 1 0 0 2 3.89 1 DSP48
16 16 16 5 1 0 0 2 3.89 1 DSP48
16 16 16 5 1 0 0 2 3.89 1 DSP48
16 16 16 6 1 0 0 2 3.89 1 DSP48
16 16 16 6 1 0 0 2 3.89 1 DSP48
16 16 16 7 1 0 0 0 6.38 1 DSP48
16 16 16 7 1 0 0 0 6.38 1 DSP48
16 16 16 8 1 0 0 0 6.38 1 DSP48
16 16 16 8 1 0 0 0 6.38 1 DSP48
16 16 16 9 1 0 0 0 6.38 1 DSP48
16 16 16 9 1 0 0 0 6.38 1 DSP48
16 16 16 10 1 0 0 0 6.38 1 DSP48
16 16 16 10 1 0 0 0 6.38 1 DSP48
16 16 16 12.5 1 0 0 0 6.38 1 DSP48
16 16 16 12.5 1 0 0 0 6.38 1 DSP48
18 18 18 3 1 0 0 3 2.15 1 DSP48
18 18 18 3 1 0 0 3 2.15 1 DSP48
18 18 18 4 1 0 0 2 3.89 1 DSP48
18 18 18 4 1 0 0 2 3.89 1 DSP48
18 18 18 5 1 0 0 2 3.89 1 DSP48
18 18 18 5 1 0 0 2 3.89 1 DSP48
18 18 18 6 1 0 0 2 3.89 1 DSP48
18 18 18 6 1 0 0 2 3.89 1 DSP48
18 18 18 7 1 0 0 0 6.38 1 DSP48
18 18 18 7 1 0 0 0 6.38 1 DSP48
18 18 18 8 1 0 0 0 6.38 1 DSP48
18 18 18 8 1 0 0 0 6.38 1 DSP48
18 18 18 9 1 0 0 0 6.38 1 DSP48
18 18 18 9 1 0 0 0 6.38 1 DSP48
18 18 18 10 1 0 0 0 6.38 1 DSP48
18 18 18 10 1 0 0 0 6.38 1 DSP48
18 18 18 12.5 1 0 0 0 6.38 1 DSP48
18 18 18 12.5 1 0 0 0 6.38 1 DSP48
20 20 20 3 2 107 2 5 2.11 1 MulnS
20 20 20 3 2 107 2 5 2.11 1 MulnS
20 20 20 4 2 107 2 5 2.11 1 MulnS
20 20 20 4 2 107 2 5 2.11 1 MulnS
20 20 20 5 1 195 74 4 3.65 1 MulnS
20 20 20 5 1 195 74 4 3.65 1 MulnS
20 20 20 6 1 171 74 3 4.58 1 MulnS
20 20 20 6 1 171 74 3 4.58 1 MulnS
20 20 20 7 1 0 12 0 5.86 1 Mul
20 20 20 7 1 0 12 0 5.86 1 Mul
20 20 20 8 1 0 12 0 5.86 1 Mul
20 20 20 8 1 0 12 0 5.86 1 Mul
20 20 20 9 1 0 12 0 5.86 1 Mul
20 20 20 9 1 0 12 0 5.86 1 Mul
20 20 20 10 1 0 12 0 5.86 1 Mul
20 20 20 10 1 0 12 0 5.86 1 Mul
20 20 20 12.5 1 0 12 0 5.86 1 Mul
20 20 20 12.5 1 0 12 0 5.86 1 Mul
22 22 22 3 2 117 2 5 2.11 1 MulnS
22 22 22 3 2 117 2 5 2.11 1 MulnS
22 22 22 4 2 117 2 5 2.11 1 MulnS
22 22 22 4 2 117 2 5 2.11 1 MulnS
22 22 22 5 2 117 2 5 2.11 1 MulnS
22 22 22 5 2 117 2 5 2.11 1 MulnS
22 22 22 6 2 117 2 5 2.11 1 MulnS
22 22 22 6 2 117 2 5 2.11 1 MulnS
22 22 22 7 2 117 2 5 2.11 1 MulnS
22 22 22 7 2 117 2 5 2.11 1 MulnS
24 24 24 3 2 119 1 4 2.01 1 MulnS
24 24 24 3 2 119 1 4 2.01 1 MulnS
24 24 24 4 2 119 1 4 2.01 1 MulnS
24 24 24 4 2 119 1 4 2.01 1 MulnS
24 24 24 5 2 118 1 3 3.95 1 MulnS
24 24 24 5 2 118 1 3 3.95 1 MulnS
24 24 24 6 2 118 1 3 3.95 1 MulnS
24 24 24 6 2 118 1 3 3.95 1 MulnS
24 24 24 7 2 117 1 2 5.74 1 MulnS
24 24 24 7 2 117 1 2 5.74 1 MulnS
24 24 24 8 1 0 40 0 6.54 1 Mul
24 24 24 8 1 0 40 0 6.54 1 Mul
24 24 24 9 1 0 40 0 6.54 1 Mul
24 24 24 9 1 0 40 0 6.54 1 Mul
24 24 24 10 1 0 40 0 6.54 1 Mul
24 24 24 10 1 0 40 0 6.54 1 Mul
24 24 24 12.5 1 0 40 0 6.54 1 Mul
24 24 24 12.5 1 0 40 0 6.54 1 Mul
24 24 24 15 1 0 40 0 6.54 1 Mul
24 24 24 15 1 0 40 0 6.54 1 Mul
26 26 26 3 3 195 11 6 2.11 1 MulnS
26 26 26 3 3 195 11 6 2.11 1 MulnS
26 26 26 4 3 195 11 6 2.11 1 MulnS
26 26 26 4 3 195 11 6 2.11 1 MulnS
26 26 26 5 3 195 11 6 2.11 1 MulnS
26 26 26 5 3 195 11 6 2.11 1 MulnS
26 26 26 6 3 184 71 4 4.51 1 MulnS
26 26 26 6 3 184 71 4 4.51 1 MulnS
26 26 26 7 3 184 71 4 4.51 1 MulnS
26 26 26 7 3 184 71 4 4.51 1 MulnS
26 26 26 8 3 0 44 0 6.91 1 Mul
26 26 26 8 3 0 44 0 6.91 1 Mul
26 26 26 9 3 0 44 0 6.91 1 Mul
26 26 26 9 3 0 44 0 6.91 1 Mul
26 26 26 10 3 0 44 0 6.91 1 Mul
26 26 26 10 3 0 44 0 6.91 1 Mul
26 26 26 12.5 3 0 44 0 6.91 1 Mul
26 26 26 12.5 3 0 44 0 6.91 1 Mul
26 26 26 15 3 0 44 0 6.91 1 Mul
26 26 26 15 3 0 44 0 6.91 1 Mul
28 28 28 3 4 186 21 6 2.11 1 MulnS
28 28 28 3 4 186 21 6 2.11 1 MulnS
28 28 28 4 4 186 21 6 2.11 1 MulnS
28 28 28 4 4 186 21 6 2.11 1 MulnS
28 28 28 5 4 186 21 6 2.11 1 MulnS
28 28 28 5 4 186 21 6 2.11 1 MulnS
28 28 28 6 4 186 21 6 2.11 1 MulnS
28 28 28 6 4 186 21 6 2.11 1 MulnS
28 28 28 7 4 180 72 4 5.48 1 MulnS
28 28 28 7 4 180 72 4 5.48 1 MulnS
28 28 28 8 4 180 72 4 5.48 1 MulnS
28 28 28 8 4 180 72 4 5.48 1 MulnS
28 28 28 9 3 0 36 0 7.44 1 Mul
28 28 28 9 3 0 36 0 7.44 1 Mul
28 28 28 10 3 0 36 0 7.44 1 Mul
28 28 28 10 3 0 36 0 7.44 1 Mul
28 28 28 12.5 3 0 36 0 7.44 1 Mul
28 28 28 12.5 3 0 36 0 7.44 1 Mul
28 28 28 15 3 0 36 0 7.44 1 Mul
28 28 28 15 3 0 36 0 7.44 1 Mul
28 28 28 16 3 0 36 0 7.44 1 Mul
28 28 28 16 3 0 36 0 7.44 1 Mul
30 30 30 3 4 193 21 6 2.11 1 MulnS
30 30 30 3 4 193 21 6 2.11 1 MulnS
30 30 30 4 4 193 21 6 2.11 1 MulnS
30 30 30 4 4 193 21 6 2.11 1 MulnS
30 30 30 5 4 149 3 4 3.95 1 MulnS
30 30 30 5 4 149 3 4 3.95 1 MulnS
30 30 30 6 4 149 3 4 3.95 1 MulnS
30 30 30 6 4 149 3 4 3.95 1 MulnS
30 30 30 7 4 120 47 2 5.74 1 MulnS
30 30 30 7 4 120 47 2 5.74 1 MulnS
30 30 30 8 4 119 48 1 6.91 1 MulnS
30 30 30 8 4 119 48 1 6.91 1 MulnS
30 30 30 9 4 119 48 1 6.91 1 MulnS
30 30 30 9 4 119 48 1 6.91 1 MulnS
30 30 30 10 3 0 28 0 7.97 1 Mul
30 30 30 10 3 0 28 0 7.97 1 Mul
30 30 30 12.5 3 0 28 0 7.97 1 Mul
30 30 30 12.5 3 0 28 0 7.97 1 Mul
30 30 30 15 3 0 28 0 7.97 1 Mul
30 30 30 15 3 0 28 0 7.97 1 Mul
30 30 30 16 3 0 28 0 7.97 1 Mul
30 30 30 16 3 0 28 0 7.97 1 Mul
30 30 30 17.5 3 0 28 0 7.97 1 Mul
30 30 30 17.5 3 0 28 0 7.97 1 Mul
32 32 32 3 4 247 19 6 2.11 1 MulnS
32 32 32 3 4 247 19 6 2.11 1 MulnS
32 32 32 4 4 247 19 6 2.11 1 MulnS
32 32 32 4 4 247 19 6 2.11 1 MulnS
32 32 32 5 4 215 1 4 3.95 1 MulnS
32 32 32 5 4 215 1 4 3.95 1 MulnS
32 32 32 6 4 215 1 4 3.95 1 MulnS
32 32 32 6 4 215 1 4 3.95 1 MulnS
32 32 32 7 4 166 49 2 5.74 1 MulnS
32 32 32 7 4 166 49 2 5.74 1 MulnS
32 32 32 8 4 165 50 1 6.91 1 MulnS
32 32 32 8 4 165 50 1 6.91 1 MulnS
32 32 32 9 4 165 50 1 6.91 1 MulnS
32 32 32 9 4 165 50 1 6.91 1 MulnS
32 32 32 10 3 0 20 0 8.51 1 Mul
32 32 32 10 3 0 20 0 8.51 1 Mul
32 32 32 12.5 3 0 20 0 8.51 1 Mul
32 32 32 12.5 3 0 20 0 8.51 1 Mul
32 32 32 15 3 0 20 0 8.51 1 Mul
32 32 32 15 3 0 20 0 8.51 1 Mul
32 32 32 16 3 0 20 0 8.51 1 Mul
32 32 32 16 3 0 20 0 8.51 1 Mul
32 32 32 17.5 3 0 20 0 8.51 1 Mul
32 32 32 17.5 3 0 20 0 8.51 1 Mul
34 34 34 3 4 263 19 6 2.11 1 MulnS
34 34 34 3 4 263 19 6 2.11 1 MulnS
34 34 34 4 4 263 19 6 2.11 1 MulnS
34 34 34 4 4 263 19 6 2.11 1 MulnS
34 34 34 5 4 227 1 4 3.95 1 MulnS
34 34 34 5 4 227 1 4 3.95 1 MulnS
34 34 34 6 4 227 1 4 3.95 1 MulnS
34 34 34 6 4 227 1 4 3.95 1 MulnS
34 34 34 7 4 174 53 2 5.74 1 MulnS
34 34 34 7 4 174 53 2 5.74 1 MulnS
34 34 34 8 4 173 54 1 6.91 1 MulnS
34 34 34 8 4 173 54 1 6.91 1 MulnS
34 34 34 9 4 173 54 1 6.91 1 MulnS
34 34 34 9 4 173 54 1 6.91 1 MulnS
34 34 34 10 4 0 23 0 8.49 1 Mul
34 34 34 10 4 0 23 0 8.49 1 Mul
34 34 34 12.5 4 0 23 0 8.49 1 Mul
34 34 34 12.5 4 0 23 0 8.49 1 Mul
34 34 34 15 4 0 23 0 8.49 1 Mul
34 34 34 15 4 0 23 0 8.49 1 Mul
34 34 34 16 4 0 23 0 8.49 1 Mul
34 34 34 16 4 0 23 0 8.49 1 Mul
34 34 34 17.5 4 0 23 0 8.49 1 Mul
34 34 34 17.5 4 0 23 0 8.49 1 Mul
36 36 36 3 4 534 138 18 2.79 1 MulnS
36 36 36 3 4 534 138 18 2.79 1 MulnS
36 36 36 4 4 448 81 8 2.77 1 MulnS
36 36 36 4 4 448 81 8 2.77 1 MulnS
36 36 36 5 4 341 60 5 3.95 1 MulnS
36 36 36 5 4 341 60 5 3.95 1 MulnS
36 36 36 6 4 341 60 5 3.95 1 MulnS
36 36 36 6 4 341 60 5 3.95 1 MulnS
36 36 36 7 4 224 84 2 5.74 1 MulnS
36 36 36 7 4 224 84 2 5.74 1 MulnS
36 36 36 8 4 202 85 1 6.91 1 MulnS
36 36 36 8 4 202 85 1 6.91 1 MulnS
36 36 36 9 4 202 85 1 6.91 1 MulnS
36 36 36 9 4 202 85 1 6.91 1 MulnS
36 36 36 10 4 0 25 0 8.48 1 Mul
36 36 36 10 4 0 25 0 8.48 1 Mul
36 36 36 12.5 4 0 25 0 8.48 1 Mul
36 36 36 12.5 4 0 25 0 8.48 1 Mul
36 36 36 15 4 0 25 0 8.48 1 Mul
36 36 36 15 4 0 25 0 8.48 1 Mul
36 36 36 16 4 0 25 0 8.48 1 Mul
36 36 36 16 4 0 25 0 8.48 1 Mul
36 36 36 17.5 4 0 25 0 8.48 1 Mul
36 36 36 17.5 4 0 25 0 8.48 1 Mul
38 38 38 3 4 572 213 18 5.31 1 MulnS
38 38 38 3 4 572 213 18 5.31 1 MulnS
38 38 38 4 4 572 213 18 5.31 1 MulnS
38 38 38 4 4 572 213 18 5.31 1 MulnS
38 38 38 5 4 572 213 18 5.31 1 MulnS
38 38 38 5 4 572 213 18 5.31 1 MulnS
38 38 38 6 4 572 213 18 5.31 1 MulnS
38 38 38 6 4 572 213 18 5.31 1 MulnS
38 38 38 7 4 240 155 2 5.74 1 MulnS
38 38 38 7 4 240 155 2 5.74 1 MulnS
38 38 38 8 4 214 156 1 6.91 1 MulnS
38 38 38 8 4 214 156 1 6.91 1 MulnS
38 38 38 9 4 214 156 1 6.91 1 MulnS
38 38 38 9 4 214 156 1 6.91 1 MulnS
38 38 38 10 4 0 27 0 8.69 1 Mul
38 38 38 10 4 0 27 0 8.69 1 Mul
38 38 38 12.5 4 0 27 0 8.69 1 Mul
38 38 38 12.5 4 0 27 0 8.69 1 Mul
38 38 38 15 4 0 27 0 8.69 1 Mul
38 38 38 15 4 0 27 0 8.69 1 Mul
38 38 38 16 4 0 27 0 8.69 1 Mul
38 38 38 16 4 0 27 0 8.69 1 Mul
38 38 38 17.5 4 0 27 0 8.69 1 Mul
38 38 38 17.5 4 0 27 0 8.69 1 Mul
40 40 40 3 5 433 19 8 2.33 1 MulnS
40 40 40 3 5 433 19 8 2.33 1 MulnS
40 40 40 4 5 433 19 8 2.33 1 MulnS
40 40 40 4 5 433 19 8 2.33 1 MulnS
40 40 40 5 5 281 19 5 3.95 1 MulnS
40 40 40 5 5 281 19 5 3.95 1 MulnS
40 40 40 6 5 281 19 5 3.95 1 MulnS
40 40 40 6 5 281 19 5 3.95 1 MulnS
40 40 40 7 5 198 80 2 5.74 1 MulnS
40 40 40 7 5 198 80 2 5.74 1 MulnS
40 40 40 8 5 197 81 1 6.91 1 MulnS
40 40 40 8 5 197 81 1 6.91 1 MulnS
40 40 40 9 5 197 81 1 6.91 1 MulnS
40 40 40 9 5 197 81 1 6.91 1 MulnS
40 40 40 10 4 0 29 0 8.51 1 Mul
40 40 40 10 4 0 29 0 8.51 1 Mul
40 40 40 12.5 4 0 29 0 8.51 1 Mul
40 40 40 12.5 4 0 29 0 8.51 1 Mul
40 40 40 15 4 0 29 0 8.51 1 Mul
40 40 40 15 4 0 29 0 8.51 1 Mul
40 40 40 16 4 0 29 0 8.51 1 Mul
40 40 40 16 4 0 29 0 8.51 1 Mul
40 40 40 17.5 4 0 29 0 8.51 1 Mul
40 40 40 17.5 4 0 29 0 8.51 1 Mul
42 42 42 3 5 293 19 5 3.95 1 Mul6S
42 42 42 3 5 293 19 5 3.95 1 Mul6S
42 42 42 4 5 293 19 5 3.95 1 Mul6S
42 42 42 4 5 293 19 5 3.95 1 Mul6S
42 42 42 5 5 293 19 5 3.95 1 MulnS
42 42 42 5 5 293 19 5 3.95 1 MulnS
42 42 42 6 5 293 19 5 3.95 1 MulnS
42 42 42 6 5 293 19 5 3.95 1 MulnS
42 42 42 7 5 206 87 2 5.74 1 MulnS
42 42 42 7 5 206 87 2 5.74 1 MulnS
42 42 42 8 5 205 88 1 6.91 1 MulnS
42 42 42 8 5 205 88 1 6.91 1 MulnS
42 42 42 9 5 205 88 1 6.91 1 MulnS
42 42 42 9 5 205 88 1 6.91 1 MulnS
42 42 42 10 5 205 88 1 6.91 1 MulnS
42 42 42 10 5 205 88 1 6.91 1 MulnS
42 42 42 12.5 6 0 26 0 9.21 1 Mul
42 42 42 12.5 6 0 26 0 9.21 1 Mul
42 42 42 15 6 0 26 0 9.21 1 Mul
42 42 42 15 6 0 26 0 9.21 1 Mul
42 42 42 16 6 0 26 0 9.21 1 Mul
42 42 42 16 6 0 26 0 9.21 1 Mul
42 42 42 17.5 6 0 26 0 9.21 1 Mul
42 42 42 17.5 6 0 26 0 9.21 1 Mul
42 42 42 20 6 0 26 0 9.21 1 Mul
42 42 42 20 6 0 26 0 9.21 1 Mul
44 44 44 3 8 437 178 6 6.97 1 MulnS
44 44 44 3 8 437 178 6 6.97 1 MulnS
44 44 44 4 8 437 178 6 6.97 1 MulnS
44 44 44 4 8 437 178 6 6.97 1 MulnS
44 44 44 5 8 437 178 6 6.97 1 MulnS
44 44 44 5 8 437 178 6 6.97 1 MulnS
44 44 44 6 8 437 178 6 6.97 1 MulnS
44 44 44 6 8 437 178 6 6.97 1 MulnS
44 44 44 7 8 437 178 6 6.97 1 MulnS
44 44 44 7 8 437 178 6 6.97 1 MulnS
44 44 44 8 8 437 178 6 6.97 1 MulnS
44 44 44 8 8 437 178 6 6.97 1 MulnS
44 44 44 9 8 364 207 4 7.01 1 MulnS
44 44 44 9 8 364 207 4 7.01 1 MulnS
44 44 44 10 8 254 207 2 8.41 1 MulnS
44 44 44 10 8 254 207 2 8.41 1 MulnS
44 44 44 12.5 6 0 20 0 9.92 1 Mul
44 44 44 12.5 6 0 20 0 9.92 1 Mul
44 44 44 15 6 0 20 0 9.92 1 Mul
44 44 44 15 6 0 20 0 9.92 1 Mul
44 44 44 16 6 0 20 0 9.92 1 Mul
44 44 44 16 6 0 20 0 9.92 1 Mul
44 44 44 17.5 6 0 20 0 9.92 1 Mul
44 44 44 17.5 6 0 20 0 9.92 1 Mul
44 44 44 20 6 0 20 0 9.92 1 Mul
44 44 44 20 6 0 20 0 9.92 1 Mul
46 46 46 3 9 560 129 11 2.23 1 MulnS
46 46 46 3 9 560 129 11 2.23 1 MulnS
46 46 46 4 9 560 129 11 2.23 1 MulnS
46 46 46 4 9 560 129 11 2.23 1 MulnS
46 46 46 5 9 351 71 5 3.97 1 MulnS
46 46 46 5 9 351 71 5 3.97 1 MulnS
46 46 46 6 9 351 71 5 3.97 1 MulnS
46 46 46 6 9 351 71 5 3.97 1 MulnS
46 46 46 7 9 316 78 4 5.66 1 MulnS
46 46 46 7 9 316 78 4 5.66 1 MulnS
46 46 46 8 9 316 78 4 5.66 1 MulnS
46 46 46 8 9 316 78 4 5.66 1 MulnS
46 46 46 9 9 222 78 2 7.45 1 MulnS
46 46 46 9 9 222 78 2 7.45 1 MulnS
46 46 46 10 9 221 79 1 8.62 1 MulnS
46 46 46 10 9 221 79 1 8.62 1 MulnS
46 46 46 12.5 6 0 18 0 10.3 1 Mul
46 46 46 12.5 6 0 18 0 10.3 1 Mul
46 46 46 15 6 0 18 0 10.3 1 Mul
46 46 46 15 6 0 18 0 10.3 1 Mul
46 46 46 16 6 0 18 0 10.3 1 Mul
46 46 46 16 6 0 18 0 10.3 1 Mul
46 46 46 17.5 6 0 18 0 10.3 1 Mul
46 46 46 17.5 6 0 18 0 10.3 1 Mul
46 46 46 20 6 0 18 0 10.3 1 Mul
46 46 46 20 6 0 18 0 10.3 1 Mul
48 48 48 3 9 586 133 11 2.23 1 MulnS
48 48 48 3 9 586 133 11 2.23 1 MulnS
48 48 48 4 9 586 133 11 2.23 1 MulnS
48 48 48 4 9 586 133 11 2.23 1 MulnS
48 48 48 5 9 363 79 5 4.03 1 MulnS
48 48 48 5 9 363 79 5 4.03 1 MulnS
48 48 48 6 9 363 79 5 4.03 1 MulnS
48 48 48 6 9 363 79 5 4.03 1 MulnS
48 48 48 7 9 328 82 4 5.66 1 MulnS
48 48 48 7 9 328 82 4 5.66 1 MulnS
48 48 48 8 9 328 82 4 5.66 1 MulnS
48 48 48 8 9 328 82 4 5.66 1 MulnS
48 48 48 9 9 230 82 2 7.45 1 MulnS
48 48 48 9 9 230 82 2 7.45 1 MulnS
48 48 48 10 9 229 83 1 8.62 1 MulnS
48 48 48 10 9 229 83 1 8.62 1 MulnS
48 48 48 12.5 6 0 20 0 10.3 1 Mul
48 48 48 12.5 6 0 20 0 10.3 1 Mul
48 48 48 15 6 0 20 0 10.3 1 Mul
48 48 48 15 6 0 20 0 10.3 1 Mul
48 48 48 16 6 0 20 0 10.3 1 Mul
48 48 48 16 6 0 20 0 10.3 1 Mul
48 48 48 17.5 6 0 20 0 10.3 1 Mul
48 48 48 17.5 6 0 20 0 10.3 1 Mul
48 48 48 20 6 0 20 0 10.3 1 Mul
48 48 48 20 6 0 20 0 10.3 1 Mul
50 50 50 3 9 612 137 11 2.23 1 MulnS
50 50 50 3 9 612 137 11 2.23 1 MulnS
50 50 50 4 9 612 137 11 2.23 1 MulnS
50 50 50 4 9 612 137 11 2.23 1 MulnS
50 50 50 5 9 375 87 5 4.09 1 MulnS
50 50 50 5 9 375 87 5 4.09 1 MulnS
50 50 50 6 9 375 87 5 4.09 1 MulnS
50 50 50 6 9 375 87 5 4.09 1 MulnS
50 50 50 7 9 340 86 4 5.66 1 MulnS
50 50 50 7 9 340 86 4 5.66 1 MulnS
50 50 50 8 9 340 86 4 5.66 1 MulnS
50 50 50 8 9 340 86 4 5.66 1 MulnS
50 50 50 9 9 238 86 2 7.45 1 MulnS
50 50 50 9 9 238 86 2 7.45 1 MulnS
50 50 50 10 9 237 87 1 8.62 1 MulnS
50 50 50 10 9 237 87 1 8.62 1 MulnS
50 50 50 12.5 6 0 22 0 10.4 1 Mul
50 50 50 12.5 6 0 22 0 10.4 1 Mul
50 50 50 15 6 0 22 0 10.4 1 Mul
50 50 50 15 6 0 22 0 10.4 1 Mul
50 50 50 16 6 0 22 0 10.4 1 Mul
50 50 50 16 6 0 22 0 10.4 1 Mul
50 50 50 17.5 6 0 22 0 10.4 1 Mul
50 50 50 17.5 6 0 22 0 10.4 1 Mul
50 50 50 20 6 0 22 0 10.4 1 Mul
50 50 50 20 6 0 22 0 10.4 1 Mul
52 52 52 3 9 435 136 5 4.59 1 Mul6S
52 52 52 3 9 435 136 5 4.59 1 Mul6S
52 52 52 4 9 435 136 5 4.59 1 Mul6S
52 52 52 4 9 435 136 5 4.59 1 Mul6S
52 52 52 5 9 435 136 5 4.59 1 Mul6S
52 52 52 5 9 435 136 5 4.59 1 Mul6S
52 52 52 6 9 435 136 5 4.59 1 MulnS
52 52 52 6 9 435 136 5 4.59 1 MulnS
52 52 52 7 9 382 125 4 5.66 1 MulnS
52 52 52 7 9 382 125 4 5.66 1 MulnS
52 52 52 8 9 382 125 4 5.66 1 MulnS
52 52 52 8 9 382 125 4 5.66 1 MulnS
52 52 52 9 9 266 125 2 7.45 1 MulnS
52 52 52 9 9 266 125 2 7.45 1 MulnS
52 52 52 10 9 255 126 1 8.62 1 MulnS
52 52 52 10 9 255 126 1 8.62 1 MulnS
52 52 52 12.5 10 0 31 0 10.8 1 Mul
52 52 52 12.5 10 0 31 0 10.8 1 Mul
52 52 52 15 10 0 31 0 10.8 1 Mul
52 52 52 15 10 0 31 0 10.8 1 Mul
52 52 52 16 10 0 31 0 10.8 1 Mul
52 52 52 16 10 0 31 0 10.8 1 Mul
52 52 52 17.5 10 0 31 0 10.8 1 Mul
52 52 52 17.5 10 0 31 0 10.8 1 Mul
52 52 52 20 10 0 31 0 10.8 1 Mul
52 52 52 20 10 0 31 0 10.8 1 Mul
54 54 54 3 9 493 182 5 5.1 1 Mul6S
54 54 54 3 9 493 182 5 5.1 1 Mul6S
54 54 54 4 9 493 182 5 5.1 1 Mul6S
54 54 54 4 9 493 182 5 5.1 1 Mul6S
54 54 54 5 9 493 182 5 5.1 1 Mul6S
54 54 54 5 9 493 182 5 5.1 1 Mul6S
54 54 54 6 9 493 182 5 5.1 1 MulnS
54 54 54 6 9 493 182 5 5.1 1 MulnS
54 54 54 7 9 424 161 4 5.66 1 MulnS
54 54 54 7 9 424 161 4 5.66 1 MulnS
54 54 54 8 9 424 161 4 5.66 1 MulnS
54 54 54 8 9 424 161 4 5.66 1 MulnS
54 54 54 9 9 294 161 2 7.45 1 MulnS
54 54 54 9 9 294 161 2 7.45 1 MulnS
54 54 54 10 9 273 162 1 8.62 1 MulnS
54 54 54 10 9 273 162 1 8.62 1 MulnS
54 54 54 12.5 9 273 162 1 8.62 1 MulnS
54 54 54 12.5 9 273 162 1 8.62 1 MulnS
54 54 54 15 10 0 33 0 11.1 1 Mul
54 54 54 15 10 0 33 0 11.1 1 Mul
54 54 54 16 10 0 33 0 11.1 1 Mul
54 54 54 16 10 0 33 0 11.1 1 Mul
54 54 54 17.5 10 0 33 0 11.1 1 Mul
54 54 54 17.5 10 0 33 0 11.1 1 Mul
54 54 54 20 10 0 33 0 11.1 1 Mul
54 54 54 20 10 0 33 0 11.1 1 Mul
54 54 54 25 10 0 33 0 11.1 1 Mul
54 54 54 25 10 0 33 0 11.1 1 Mul
56 56 56 3 9 417 307 6 6.4 1 MulnS
56 56 56 3 9 417 307 6 6.4 1 MulnS
56 56 56 4 9 417 307 6 6.4 1 MulnS
56 56 56 4 9 417 307 6 6.4 1 MulnS
56 56 56 5 9 417 307 6 6.4 1 MulnS
56 56 56 5 9 417 307 6 6.4 1 MulnS
56 56 56 6 9 417 307 6 6.4 1 MulnS
56 56 56 6 9 417 307 6 6.4 1 MulnS
56 56 56 7 9 417 307 6 6.4 1 MulnS
56 56 56 7 9 417 307 6 6.4 1 MulnS
56 56 56 8 9 345 218 4 6.44 1 MulnS
56 56 56 8 9 345 218 4 6.44 1 MulnS
56 56 56 9 9 204 218 2 7.45 1 MulnS
56 56 56 9 9 204 218 2 7.45 1 MulnS
56 56 56 10 9 176 219 1 8.62 1 MulnS
56 56 56 10 9 176 219 1 8.62 1 MulnS
56 56 56 12.5 9 176 219 1 8.62 1 MulnS
56 56 56 12.5 9 176 219 1 8.62 1 MulnS
56 56 56 15 10 0 35 0 11.5 1 Mul
56 56 56 15 10 0 35 0 11.5 1 Mul
56 56 56 16 10 0 35 0 11.5 1 Mul
56 56 56 16 10 0 35 0 11.5 1 Mul
56 56 56 17.5 10 0 35 0 11.5 1 Mul
56 56 56 17.5 10 0 35 0 11.5 1 Mul
56 56 56 20 10 0 35 0 11.5 1 Mul
56 56 56 20 10 0 35 0 11.5 1 Mul
56 56 56 25 10 0 35 0 11.5 1 Mul
56 56 56 25 10 0 35 0 11.5 1 Mul
58 58 58 3 13 434 175 6 4.87 1 MulnS
58 58 58 3 13 434 175 6 4.87 1 MulnS
58 58 58 4 13 434 175 6 4.87 1 MulnS
58 58 58 4 13 434 175 6 4.87 1 MulnS
58 58 58 5 13 434 175 6 4.87 1 MulnS
58 58 58 5 13 434 175 6 4.87 1 MulnS
58 58 58 6 13 383 193 5 4.88 1 MulnS
58 58 58 6 13 383 193 5 4.88 1 MulnS
58 58 58 7 13 337 176 4 6.02 1 MulnS
58 58 58 7 13 337 176 4 6.02 1 MulnS
58 58 58 8 13 337 176 4 6.02 1 MulnS
58 58 58 8 13 337 176 4 6.02 1 MulnS
58 58 58 9 13 337 176 4 6.02 1 MulnS
58 58 58 9 13 337 176 4 6.02 1 MulnS
58 58 58 10 13 230 165 2 8.22 1 MulnS
58 58 58 10 13 230 165 2 8.22 1 MulnS
58 58 58 12.5 13 223 166 1 9.38 1 MulnS
58 58 58 12.5 13 223 166 1 9.38 1 MulnS
58 58 58 15 10 0 37 0 11.8 1 Mul
58 58 58 15 10 0 37 0 11.8 1 Mul
58 58 58 16 10 0 37 0 11.8 1 Mul
58 58 58 16 10 0 37 0 11.8 1 Mul
58 58 58 17.5 10 0 37 0 11.8 1 Mul
58 58 58 17.5 10 0 37 0 11.8 1 Mul
58 58 58 20 10 0 37 0 11.8 1 Mul
58 58 58 20 10 0 37 0 11.8 1 Mul
58 58 58 25 10 0 37 0 11.8 1 Mul
58 58 58 25 10 0 37 0 11.8 1 Mul
60 60 60 3 15 887 508 18 5.7 1 MulnS
60 60 60 3 15 887 508 18 5.7 1 MulnS
60 60 60 4 15 887 508 18 5.7 1 MulnS
60 60 60 4 15 887 508 18 5.7 1 MulnS
60 60 60 5 15 887 508 18 5.7 1 MulnS
60 60 60 5 15 887 508 18 5.7 1 MulnS
60 60 60 6 15 887 508 18 5.7 1 MulnS
60 60 60 6 15 887 508 18 5.7 1 MulnS
60 60 60 7 15 575 333 5 5.74 1 MulnS
60 60 60 7 15 575 333 5 5.74 1 MulnS
60 60 60 8 15 471 320 4 6.73 1 MulnS
60 60 60 8 15 471 320 4 6.73 1 MulnS
60 60 60 9 15 471 320 4 6.73 1 MulnS
60 60 60 9 15 471 320 4 6.73 1 MulnS
60 60 60 10 15 471 320 4 6.73 1 MulnS
60 60 60 10 15 471 320 4 6.73 1 MulnS
60 60 60 12.5 15 363 288 1 10.9 1 MulnS
60 60 60 12.5 15 363 288 1 10.9 1 MulnS
60 60 60 15 10 0 39 0 12.2 1 Mul
60 60 60 15 10 0 39 0 12.2 1 Mul
60 60 60 16 10 0 39 0 12.2 1 Mul
60 60 60 16 10 0 39 0 12.2 1 Mul
60 60 60 17.5 10 0 39 0 12.2 1 Mul
60 60 60 17.5 10 0 39 0 12.2 1 Mul
60 60 60 20 10 0 39 0 12.2 1 Mul
60 60 60 20 10 0 39 0 12.2 1 Mul
60 60 60 25 10 0 39 0 12.2 1 Mul
60 60 60 25 10 0 39 0 12.2 1 Mul
62 62 62 3 16 572 145 6 4.79 1 MulnS
62 62 62 3 16 572 145 6 4.79 1 MulnS
62 62 62 4 16 572 145 6 4.79 1 MulnS
62 62 62 4 16 572 145 6 4.79 1 MulnS
62 62 62 5 16 572 145 6 4.79 1 MulnS
62 62 62 5 16 572 145 6 4.79 1 MulnS
62 62 62 6 16 515 191 5 5.04 1 MulnS
62 62 62 6 16 515 191 5 5.04 1 MulnS
62 62 62 7 16 515 191 5 5.04 1 MulnS
62 62 62 7 16 515 191 5 5.04 1 MulnS
62 62 62 8 16 429 244 4 6.85 1 MulnS
62 62 62 8 16 429 244 4 6.85 1 MulnS
62 62 62 9 16 429 244 4 6.85 1 MulnS
62 62 62 9 16 429 244 4 6.85 1 MulnS
62 62 62 10 16 429 244 4 6.85 1 MulnS
62 62 62 10 16 429 244 4 6.85 1 MulnS
62 62 62 12.5 16 353 191 1 10.3 1 MulnS
62 62 62 12.5 16 353 191 1 10.3 1 MulnS
62 62 62 15 10 0 43 0 12.2 1 Mul
62 62 62 15 10 0 43 0 12.2 1 Mul
62 62 62 16 10 0 43 0 12.2 1 Mul
62 62 62 16 10 0 43 0 12.2 1 Mul
62 62 62 17.5 10 0 43 0 12.2 1 Mul
62 62 62 17.5 10 0 43 0 12.2 1 Mul
62 62 62 20 10 0 43 0 12.2 1 Mul
62 62 62 20 10 0 43 0 12.2 1 Mul
62 62 62 25 10 0 43 0 12.2 1 Mul
62 62 62 25 10 0 43 0 12.2 1 Mul
64 64 64 3 16 916 392 18 2.79 1 MulnS
64 64 64 3 16 916 392 18 2.79 1 MulnS
64 64 64 4 16 916 392 18 2.79 1 MulnS
64 64 64 4 16 916 392 18 2.79 1 MulnS
64 64 64 5 16 922 135 11 3.95 1 MulnS
64 64 64 5 16 922 135 11 3.95 1 MulnS
64 64 64 6 16 527 237 5 5.06 1 MulnS
64 64 64 6 16 527 237 5 5.06 1 MulnS
64 64 64 7 16 527 237 5 5.06 1 MulnS
64 64 64 7 16 527 237 5 5.06 1 MulnS
64 64 64 8 16 441 256 4 6.97 1 MulnS
64 64 64 8 16 441 256 4 6.97 1 MulnS
64 64 64 9 16 441 256 4 6.97 1 MulnS
64 64 64 9 16 441 256 4 6.97 1 MulnS
64 64 64 10 16 441 256 4 6.97 1 MulnS
64 64 64 10 16 441 256 4 6.97 1 MulnS
64 64 64 12.5 16 361 195 1 10.3 1 MulnS
64 64 64 12.5 16 361 195 1 10.3 1 MulnS
64 64 64 15 10 0 47 0 12.3 1 Mul
64 64 64 15 10 0 47 0 12.3 1 Mul
64 64 64 16 10 0 47 0 12.3 1 Mul
64 64 64 16 10 0 47 0 12.3 1 Mul
64 64 64 17.5 10 0 47 0 12.3 1 Mul
64 64 64 17.5 10 0 47 0 12.3 1 Mul
64 64 64 20 10 0 47 0 12.3 1 Mul
64 64 64 20 10 0 47 0 12.3 1 Mul
64 64 64 25 10 0 47 0 12.3 1 Mul
64 64 64 25 10 0 47 0 12.3 1 Mul